(76743, 24871011L, 66.914299, 63.991211):[1.014973, 106.976227, 38.733185, 38.733204]
(99102, 32117403L, 72.563812, 48.464226):[-1.775641, 57.698215, 8.313633, 11.183743]
(115221, 37341286L, 66.00647, 43.058666):[0.879465, 62.489105, 13.518644, 13.51865]
(60886, 19732117L, 89.395889, 56.179474):[0.401373, 102.857124, 17.327242, 17.327244]
(83434, 27039392L, 52.096836, 42.755508):[0.497816, 65.325096, 24.265587, 24.322386]
(101544, 32908672L, 58.294834, 47.306236):[1.979984, 70.806488, 18.777864, 18.777878]
(120586, 39080112L, 46.507458, 41.049984):[-1.748398, 17.439497, 13.580229, 13.580228]
(46515, 15074842L, 68.882622, 48.843571):[3.439425, 5.523071, 19.358454, 19.358458]
(27060, 8769619L, 40.904392, 39.379917):[0.595342, 74.13076, 24.425661, 24.425663]
(97760, 31682320L, 48.225483, 38.551975):[0.792879, 51.865608, 19.295334, 19.295332]
(12635, 4094522L, 103.386276, 87.417801):[0.059823, 161.437836, 11.601469, 11.601451]
(30468, 9874110L, 92.371361, 45.537258):[-0.062262, 82.817535, 34.515377, 34.515377]
(9148, 2964489L, 81.725555, 40.668804):[2.099185, 6.382483, 12.25557, 12.255569]
(51153, 16577704L, 96.014786, 45.762482):[0.249691, 77.988632, 27.515947, 27.515947]
(62269, 20180200L, 56.1264, 42.698109):[-0.838184, 60.451931, 18.55648, 18.556479]
(38397, 12443648L, 53.125305, 48.144234):[-0.943187, 68.813911, 37.623955, 37.623955]
(48005, 15557633L, 44.05484, 41.79649):[1.881792, 68.01561, 11.921556, 11.921579]
(57603, 18668266L, 42.618317, 41.787422):[-0.823702, 85.293587, 38.950184, 38.95018]
(109802, 35585107L, 46.252232, 39.393215):[1.176057, 73.941956, 23.842787, 30.493937]
(7643, 2476788L, 39.030998, 38.950203):[0.815273, 48.053623, 14.84209, 14.842091]
(111209, 36041002L, 48.277409, 40.972729):[0.35709, 87.5355, 30.398739, 30.398741]
(83624, 27101211L, 50.286057, 45.727352):[0.678598, 53.735752, 29.297577, 29.297575]
(9137, 2961090L, 59.72694, 41.246422):[-2.137899, 81.398094, 19.538841, 19.538834]
(86364, 27989277L, 63.120491, 62.957108):[0.650352, 69.56041, 16.084007, 16.084009]
(80258, 26010185L, 47.549637, 47.173191):[-3.534327, 3.894846, 13.007011, 13.746851]
(138559, 44904640L, 51.547203, 46.956711):[1.266985, 49.899071, 34.57029, 34.577732]
(150200, 48677320L, 71.664642, 38.439896):[-2.010787, 17.41691, 37.435375, 37.573456]
(117125, 37958152L, 65.506927, 53.601765):[-0.95835, 140.180984, 16.457777, 16.457863]
(6431, 2084111L, 94.501396, 90.728798):[1.996412, 134.040009, 26.021833, 26.021801]
(71059, 23029163L, 51.950153, 44.65424):[0.311045, 88.379852, 17.904493, 17.90449]
(72900, 23625736L, 46.816635, 41.959801):[4.324851, 9.551917, 14.260617, 14.260688]
(138074, 44747593L, 93.04525, 38.504242):[-1.345012, 189.533737, 39.315754, 39.315819]
(56429, 18287747L, 63.718147, 40.613647):[-0.211773, 55.171677, 31.917416, 31.917414]
(32221, 10442053L, 56.35376, 40.131279):[-3.607859, 11.377793, 10.192661, 10.192513]
(105806, 34290089L, 70.502396, 47.727375):[1.642172, 66.521019, 45.795288, 45.795277]
(102116, 33094159L, 40.078522, 38.0228):[-0.420751, 51.440735, 24.429295, 24.919594]
(73407, 23789931L, 89.692062, 44.069805):[1.90758, 145.076126, 37.019367, 37.019363]
(9081, 2943095L, 69.237129, 62.580654):[-1.038375, 142.95105, 11.522505, 11.522611]
(7877, 2552600L, 49.391582, 39.210571):[1.147829, 71.476036, 12.687973, 12.687938]
(111570, 36158137L, 125.698029, 38.017014):[-4.231985, 21.571878, 42.035561, 42.035618]
(85669, 27763964L, 64.762276, 59.608929):[2.055722, 78.54277, 22.77734, 22.777424]
(62842, 20366033L, 40.362865, 39.970154):[0.159199, 41.741486, 37.920273, 37.920273]
(14160, 4588958L, 43.110462, 40.850277):[-2.800334, 36.062923, 48.059383, 48.059383]
(17230, 5583799L, 42.449352, 38.308807):[-1.190853, 87.336662, 12.861869, 12.861958]
(46904, 15200762L, 51.502956, 46.316452):[-1.745278, 35.43124, 17.43475, 17.434849]
(85871, 27829207L, 67.563057, 38.775696):[-1.239595, 89.136284, 34.757961, 34.757965]
(89645, 29052554L, 45.989353, 40.968807):[-1.10585, 44.271645, 29.128498, 29.139755]
(10361, 3357835L, 51.181313, 39.218933):[-2.816097, 2.614863, 14.392496, 14.392497]
(73234, 23733909L, 80.049614, 58.286072):[-1.825212, 114.233719, 29.705839, 29.958647]
(12409, 4021422L, 176.548126, 70.096161):[0.904896, 235.14064, 11.243818, 11.243745]
(139800, 45307044L, 65.946663, 46.026711):[0.259858, 92.167641, 33.633514, 33.633511]
(122451, 39684543L, 44.645924, 41.762329):[-0.191021, 71.100937, 21.541891, 21.541893]
(129504, 41970377L, 63.70491, 57.38393):[0.740263, 58.898045, 35.229298, 35.229298]
(71994, 23331929L, 84.827126, 79.467949):[-1.713001, 130.683121, 14.643605, 14.643696]
(13450, 4358976L, 75.954842, 40.35463):[-3.639323, 51.448421, 11.669644, 11.670409]
(145965, 47304983L, 49.077873, 42.656082):[0.122385, 135.230377, 33.184769, 33.18578]
(38359, 12431301L, 90.830383, 78.699417):[-0.243927, 104.940918, 10.250161, 10.251034]
(89663, 29058185L, 42.696968, 39.475399):[0.538618, 50.115574, 12.746668, 12.746666]
(118307, 38341215L, 131.529724, 50.820583):[-1.176977, 148.666138, 44.02029, 44.020332]
(124027, 40195159L, 44.336304, 41.679127):[-0.341178, 72.399788, 46.826244, 46.826416]
(103573, 33566394L, 54.955849, 38.502895):[0.545827, 86.51564, 10.416181, 10.416181]
(102141, 33102267L, 71.66568, 42.797058):[0.941445, 90.8479, 27.055817, 34.270069]
(74048, 23997751L, 71.616943, 67.297241):[0.762665, 76.352921, 23.677689, 23.677687]
(22148, 7177841L, 47.373924, 46.403957):[1.338713, 79.732239, 18.512852, 18.51288]
(14435, 4678144L, 116.87838, 64.029396):[-0.542187, 83.567932, 18.391254, 18.391287]
(123068, 39884378L, 53.398426, 40.679478):[-0.422942, 118.447952, 40.724808, 40.724834]
(112430, 36436603L, 43.974655, 39.724899):[-0.797503, 122.146721, 41.910503, 41.92738]
(124572, 40371835L, 89.136307, 60.140388):[0.514195, 126.384445, 11.01157, 11.011543]
(142564, 46202694L, 69.194351, 39.219906):[1.42241, 49.761791, 25.682608, 25.682606]
(144508, 46832625L, 54.302143, 40.435772):[0.671135, 100.385483, 11.077303, 11.077248]
(107965, 34989672L, 51.85434, 45.896271):[0.96597, 140.364685, 37.355507, 37.357044]
(30098, 9754200L, 61.143066, 38.804325):[-0.930432, 75.041672, 45.020374, 45.020374]
(39169, 12693871L, 50.460754, 41.813789):[1.117501, 119.483566, 33.802486, 33.868958]
(133112, 43139472L, 70.44931, 55.962627):[1.139062, 97.881935, 44.384666, 44.394905]
(130812, 42393886L, 46.562599, 45.008186):[-1.590131, 62.087231, 34.446373, 34.446365]
(120682, 39111125L, 45.45002, 42.135349):[6.191405, 3.086407, 11.540828, 11.54077]
(150147, 48660427L, 51.557083, 46.201424):[-0.989666, 90.395889, 31.59701, 42.056999]
(17958, 5819638L, 46.378525, 42.321953):[-1.580225, 36.091431, 26.784946, 26.784946]
(54907, 17794531L, 62.627575, 56.605724):[-0.667669, 81.990402, 13.727611, 13.727665]
(105438, 34170586L, 44.356216, 42.274418):[0.209632, 79.328667, 15.546922, 15.546921]
(9953, 3225577L, 46.805199, 44.784729):[-0.704772, 94.072807, 40.120399, 40.120712]
(103259, 33464544L, 53.930321, 53.919559):[-3.45633, 71.087776, 11.046681, 11.04252]
(62864, 20373289L, 46.342079, 40.812351):[1.113229, 57.70462, 19.82588, 19.82588]
(96996, 31434834L, 48.919159, 41.043804):[-0.573414, 95.398285, 25.96763, 25.981014]
(131141, 42500640L, 71.675209, 58.836666):[1.187397, 89.733208, 41.51263, 41.512657]
(105902, 34321292L, 46.915977, 39.292004):[0.771653, 62.390633, 41.132412, 41.132427]
(47874, 15515249L, 43.10815, 38.394756):[-2.049045, 39.598969, 13.574271, 13.699853]
(55259, 17908418L, 44.928879, 44.658195):[1.936399, 60.724155, 10.855048, 10.855165]
(1867, 604820L, 91.231628, 65.590134):[-0.10358, 227.363907, 14.234299, 14.276415]
(138022, 44730686L, 66.449356, 49.923901):[-1.14713, 67.9673, 17.166397, 17.166397]
(34900, 11310341L, 43.800419, 40.471668):[-3.083652, 18.384062, 11.565127, 11.565058]
(97807, 31697719L, 44.332928, 39.572464):[1.466901, 44.394196, 35.041897, 35.042065]
(123655, 40074626L, 52.83559, 42.534092):[1.593903, 84.608429, 48.26107, 48.261093]
(37814, 12254939L, 61.395329, 53.275341):[1.328032, 104.90033, 15.769151, 15.769179]
(38683, 12536527L, 44.891514, 43.840969):[-7.613133, 2.061294, 13.186922, 13.196695]
(39515, 12806081L, 62.366631, 51.974808):[-0.850626, 96.982635, 16.077944, 16.077908]
(46451, 15053770L, 47.62706, 40.5923):[-0.881836, 58.686161, 13.855549, 13.855548]
(10240, 3318600L, 77.341736, 43.315517):[0.097501, 26.590721, 16.716852, 16.716852]
(78884, 25564867L, 44.311832, 40.44215):[2.28434, 30.717567, 38.777813, 38.86409]
(126098, 40866313L, 44.989105, 40.854401):[-2.415603, 50.427017, 29.318039, 29.318386]
(84442, 27366067L, 86.935822, 46.194492):[0.532325, 90.785339, 47.202457, 47.202454]
(46935, 15210772L, 39.576553, 39.436958):[-1.496157, 40.748272, 30.032524, 30.03252]
(120188, 38950984L, 45.411484, 40.474102):[-1.66808, 35.408348, 40.02063, 40.020634]
(142893, 46309431L, 44.66066, 41.353897):[1.999146, 46.787739, 26.171961, 26.171961]
(94590, 30655127L, 61.190334, 55.595078):[1.227039, 108.460403, 15.815521, 15.8155]
