/store/data/Run2015C_50ns/JetHT/MINIAOD/05Oct2015-v1/50000/02D10C8B-896F-E511-A562-0026189438BA.root, 254833, [[1253, 1256], [1263, 1263], [1269, 1269], [1277, 1277], [1301, 1302], [1406, 1416], [1427, 1430]]
/store/data/Run2015C_50ns/JetHT/MINIAOD/05Oct2015-v1/50000/0E0C89FD-8A6F-E511-9173-003048FFCBB0.root, 254833, [[423, 423], [428, 430], [432, 435], [471, 471], [511, 511], [520, 522], [527, 527], [588, 588], [923, 924], [1154, 1155], [1540, 1540]]
/store/data/Run2015C_50ns/JetHT/MINIAOD/05Oct2015-v1/50000/0E8475FD-8A6F-E511-ADAB-0025905964C4.root, 254833, [[211, 214], [239, 242], [339, 339], [371, 371], [468, 469], [559, 559], [792, 795], [903, 903], [1057, 1058], [1494, 1494]]
/store/data/Run2015C_50ns/JetHT/MINIAOD/05Oct2015-v1/50000/0EE0FFF8-8A6F-E511-AB72-00261894393D.root, 254833, [[336, 338], [348, 350], [359, 359], [367, 367], [370, 370], [399, 399], [427, 427], [684, 685], [888, 889], [1009, 1010], [1075, 1076], [1142, 1143], [1554, 1555]]
/store/data/Run2015C_50ns/JetHT/MINIAOD/05Oct2015-v1/50000/10763B09-8E6F-E511-B6AF-002354EF3BE0.root, 254833, [[694, 698], [704, 708], [719, 724], [734, 735], [1041, 1041]]
/store/data/Run2015C_50ns/JetHT/MINIAOD/05Oct2015-v1/50000/10E639FD-8A6F-E511-B972-002590596486.root, 254833, [[372, 374], [376, 378], [384, 386], [408, 410], [656, 658], [661, 663]]
/store/data/Run2015C_50ns/JetHT/MINIAOD/05Oct2015-v1/50000/146417F8-8A6F-E511-AC96-0025905A60CE.root, 254833, [[47, 60], [215, 217], [523, 523], [621, 622], [864, 866], [1204, 1207], [1597, 1599]]
/store/data/Run2015C_50ns/JetHT/MINIAOD/05Oct2015-v1/50000/184E574E-896F-E511-A8ED-0025905A60F8.root, 254833, [[676, 678], [711, 713], [716, 718], [726, 728], [800, 802], [1047, 1050], [1102, 1102]]
/store/data/Run2015C_50ns/JetHT/MINIAOD/05Oct2015-v1/50000/18A3EC0E-8E6F-E511-BE3A-0025905A612C.root, 254833, [[1601, 1603], [1605, 1607], [1612, 1614], [1631, 1634], [1636, 1637]]
/store/data/Run2015C_50ns/JetHT/MINIAOD/05Oct2015-v1/50000/18BEAF08-8E6F-E511-94C3-002618943800.root, 254833, [[851, 852], [863, 863], [869, 872], [891, 892], [915, 919], [951, 951], [956, 956], [967, 968], [1639, 1642]]
/store/data/Run2015C_50ns/JetHT/MINIAOD/05Oct2015-v1/50000/18D14BF3-8A6F-E511-88D4-0025905938D4.root, 254833, [[73, 85], [91, 96], [112, 116], [183, 185], [207, 207], [609, 610], [629, 629]]
/store/data/Run2015C_50ns/JetHT/MINIAOD/05Oct2015-v1/50000/1A6F7EF8-8A6F-E511-8A0A-002618943957.root, 254833, [[392, 394], [412, 414], [420, 422], [444, 446], [639, 640], [669, 669], [731, 733]]
/store/data/Run2015C_50ns/JetHT/MINIAOD/05Oct2015-v1/50000/1C1D7689-896F-E511-A3CD-002618943975.root, 254833, [[145, 149], [153, 156], [162, 162], [305, 305], [355, 355], [387, 387], [495, 495], [576, 576], [592, 592], [782, 785], [890, 890]]
/store/data/Run2015C_50ns/JetHT/MINIAOD/05Oct2015-v1/50000/226BC388-896F-E511-BC9E-0026189438B4.root, 254833, [[98, 111], [117, 123], [223, 226], [257, 259], [286, 287]]
/store/data/Run2015C_50ns/JetHT/MINIAOD/05Oct2015-v1/50000/22F2ECFE-8A6F-E511-B0FA-0025905A60CE.root, 254833, [[186, 189], [198, 198], [203, 205], [208, 209], [291, 293], [331, 331], [391, 391], [905, 907]]
/store/data/Run2015C_50ns/JetHT/MINIAOD/05Oct2015-v1/50000/2843088E-896F-E511-B914-0025905A6132.root, 254833, [[1303, 1306], [1312, 1312], [1347, 1349], [1385, 1388], [1402, 1402], [1473, 1475], [1504, 1507], [1560, 1563]]
/store/data/Run2015C_50ns/JetHT/MINIAOD/05Oct2015-v1/50000/2871270F-8E6F-E511-9386-0025905938D4.root, 254833, [[1015, 1016], [1035, 1038], [1042, 1044], [1046, 1046], [1053, 1056], [1069, 1070], [1093, 1095], [1178, 1179], [1208, 1209], [1266, 1268]]
/store/data/Run2015C_50ns/JetHT/MINIAOD/05Oct2015-v1/50000/2899C791-896F-E511-9C87-0025905A60CE.root, 254833, [[134, 141], [171, 173], [691, 693], [867, 868], [963, 966], [1469, 1469]]
/store/data/Run2015C_50ns/JetHT/MINIAOD/05Oct2015-v1/50000/3A57C83E-896F-E511-A60D-00261894392F.root, 254833, [[744, 745], [749, 750], [759, 760], [771, 775], [806, 807], [856, 857], [1039, 1039], [1126, 1128], [1322, 1325]]
/store/data/Run2015C_50ns/JetHT/MINIAOD/05Oct2015-v1/50000/3CA1DF8F-896F-E511-BA25-0025905B85D6.root, 254833, [[1477, 1479], [1486, 1486], [1533, 1533], [1537, 1539], [1541, 1543], [1574, 1574], [1616, 1621], [1623, 1625], [1643, 1644]]
/store/data/Run2015C_50ns/JetHT/MINIAOD/05Oct2015-v1/50000/3EBFF6FC-8A6F-E511-8CD9-002590596484.root, 254833, [[438, 438], [440, 443], [447, 447], [560, 562], [600, 600], [929, 929], [1130, 1131], [1264, 1265], [1448, 1451], [1604, 1604]]
/store/data/Run2015C_50ns/JetHT/MINIAOD/05Oct2015-v1/50000/4604F08F-896F-E511-B557-0025905A6084.root, 254833, [[157, 157], [163, 165], [167, 169], [206, 206], [455, 455], [492, 494], [535, 535], [540, 542], [580, 580], [1003, 1004], [1216, 1216]]
/store/data/Run2015C_50ns/JetHT/MINIAOD/05Oct2015-v1/50000/463CBB87-896F-E511-862C-002354EF3BE2.root, 254833, [[1425, 1426], [1432, 1433], [1441, 1444], [1461, 1465], [1470, 1472], [1518, 1524], [1534, 1536], [1590, 1592]]
/store/data/Run2015C_50ns/JetHT/MINIAOD/05Oct2015-v1/50000/48A8CB13-8E6F-E511-A268-003048FFD730.root, 254833, [[1071, 1074], [1077, 1080], [1083, 1086], [1096, 1099], [1297, 1300], [1511, 1514]]
/store/data/Run2015C_50ns/JetHT/MINIAOD/05Oct2015-v1/50000/4C55C608-8E6F-E511-9047-0026189437F5.root, 254833, [[1107, 1107], [1112, 1113], [1115, 1117], [1119, 1123], [1184, 1185], [1192, 1192], [1196, 1197], [1202, 1203], [1282, 1283], [1307, 1308], [1530, 1532]]
/store/data/Run2015C_50ns/JetHT/MINIAOD/05Oct2015-v1/50000/58D33FED-876F-E511-9BA2-00261894394F.root, 254833, [[296, 299], [328, 330], [344, 346], [488, 490], [681, 683], [1371, 1373]]
/store/data/Run2015C_50ns/JetHT/MINIAOD/05Oct2015-v1/50000/58F17489-896F-E511-95E9-002618943975.root, 254833, [[1199, 1201], [1213, 1213], [1223, 1225], [1247, 1250], [1361, 1363], [1403, 1405], [1438, 1438], [1480, 1482], [1564, 1567]]
/store/data/Run2015C_50ns/JetHT/MINIAOD/05Oct2015-v1/50000/5E6A0E30-896F-E511-87F4-0025905B8610.root, 254833, [[593, 595], [597, 599], [604, 605], [611, 613], [616, 618], [841, 842], [1501, 1503], [1629, 1630]]
/store/data/Run2015C_50ns/JetHT/MINIAOD/05Oct2015-v1/50000/60493154-896F-E511-82D9-002618943973.root, 254833, [[904, 904], [922, 922], [930, 933], [936, 939], [942, 944], [999, 1002], [1005, 1008], [1059, 1061]]
/store/data/Run2015C_50ns/JetHT/MINIAOD/05Oct2015-v1/50000/76D3AA12-8E6F-E511-9612-003048FFD756.root, 254833, [[1497, 1500], [1525, 1529], [1548, 1553], [1556, 1559], [1571, 1573], [1575, 1577], [1587, 1589], [1593, 1596], [1622, 1622]]
/store/data/Run2015C_50ns/JetHT/MINIAOD/05Oct2015-v1/50000/785C80F4-876F-E511-A753-0025905A60F8.root, 254833, [[351, 354], [356, 358], [507, 507], [544, 546], [686, 688], [877, 878], [991, 992], [1124, 1124]]
/store/data/Run2015C_50ns/JetHT/MINIAOD/05Oct2015-v1/50000/78F96BFA-8A6F-E511-A24E-0026189438F6.root, 254833, [[500, 502], [504, 506], [512, 514], [516, 518], [524, 526], [536, 538], [1392, 1395]]
/store/data/Run2015C_50ns/JetHT/MINIAOD/05Oct2015-v1/50000/82FBCFFD-8A6F-E511-BE7A-0025905964B2.root, 254833, [[528, 530], [548, 550], [556, 558], [564, 566], [568, 570], [701, 703], [741, 743]]
/store/data/Run2015C_50ns/JetHT/MINIAOD/05Oct2015-v1/50000/860C610E-8E6F-E511-A764-0025905A6068.root, 254833, [[736, 740], [746, 748], [751, 753], [769, 770], [813, 815], [848, 848], [1023, 1026], [1148, 1149], [1272, 1272]]
/store/data/Run2015C_50ns/JetHT/MINIAOD/05Oct2015-v1/50000/86A8BD61-886F-E511-9AB8-00261894390B.root, 254833, [[396, 398], [400, 402], [404, 406], [426, 426], [456, 459], [486, 486], [508, 510], [646, 648]]
/store/data/Run2015C_50ns/JetHT/MINIAOD/05Oct2015-v1/50000/8CF8EC0D-8E6F-E511-B44B-0025905A6134.root, 254833, [[581, 583], [589, 591], [601, 603], [606, 608], [614, 615], [654, 655], [689, 690], [776, 781]]
/store/data/Run2015C_50ns/JetHT/MINIAOD/05Oct2015-v1/50000/94F5B508-8E6F-E511-A36D-00261894398D.root, 254833, [[664, 668], [671, 675], [714, 715], [729, 730], [796, 799], [981, 982], [1114, 1114], [1144, 1147]]
/store/data/Run2015C_50ns/JetHT/MINIAOD/05Oct2015-v1/50000/96826362-896F-E511-8ED1-0025905A6136.root, 254833, [[945, 946], [961, 962], [975, 978], [983, 984], [987, 990], [1180, 1182], [1214, 1215], [1288, 1290], [1459, 1460]]
/store/data/Run2015C_50ns/JetHT/MINIAOD/05Oct2015-v1/50000/9E68D20A-8E6F-E511-A09A-00261894391B.root, 254833, [[957, 960], [969, 972], [993, 996], [998, 998], [1011, 1014], [1309, 1311], [1466, 1468]]
/store/data/Run2015C_50ns/JetHT/MINIAOD/05Oct2015-v1/50000/AA5EE60D-8E6F-E511-A097-0025905A6134.root, 254833, [[1273, 1275], [1278, 1281], [1284, 1287], [1291, 1294], [1321, 1321], [1336, 1339], [1375, 1377], [1417, 1419], [1424, 1424]]
/store/data/Run2015C_50ns/JetHT/MINIAOD/05Oct2015-v1/50000/ACFB0054-896F-E511-9BB6-002618943834.root, 254833, [[786, 791], [816, 817], [821, 821], [833, 835], [895, 897], [900, 902], [1257, 1259], [1329, 1331], [1350, 1353]]
/store/data/Run2015C_50ns/JetHT/MINIAOD/05Oct2015-v1/50000/AE7BCCFF-8A6F-E511-99D5-0025905A60E0.root, 254833, [[464, 466], [470, 470], [472, 474], [476, 478], [480, 482], [496, 498], [641, 644], [818, 820]]
/store/data/Run2015C_50ns/JetHT/MINIAOD/05Oct2015-v1/50000/B05D2D0D-8E6F-E511-B4C9-0025905A6110.root, 254833, [[925, 928], [940, 941], [947, 950], [952, 955], [1021, 1022], [1210, 1212], [1260, 1262], [1483, 1485]]
/store/data/Run2015C_50ns/JetHT/MINIAOD/05Oct2015-v1/50000/B09B9E12-8E6F-E511-BB4C-003048FFD76E.root, 254833, [[1332, 1332], [1340, 1342], [1354, 1356], [1364, 1368], [1374, 1374], [1378, 1381], [1452, 1458], [1568, 1570], [1586, 1586]]
/store/data/Run2015C_50ns/JetHT/MINIAOD/05Oct2015-v1/50000/B230098E-896F-E511-A00A-0025905938D4.root, 254833, [[1064, 1068], [1089, 1092], [1103, 1105], [1108, 1111], [1125, 1125], [1270, 1271], [1326, 1328], [1544, 1547]]
/store/data/Run2015C_50ns/JetHT/MINIAOD/05Oct2015-v1/50000/B2D49B8E-896F-E511-BD08-003048FFCBB0.root, 254833, [[61, 72], [86, 90], [97, 97], [158, 161], [199, 201], [416, 418]]
/store/data/Run2015C_50ns/JetHT/MINIAOD/05Oct2015-v1/50000/B6CDB40F-8E6F-E511-89FB-0025905A606A.root, 254833, [[836, 840], [843, 845], [849, 850], [858, 861], [1136, 1137], [1160, 1161], [1198, 1198]]
/store/data/Run2015C_50ns/JetHT/MINIAOD/05Oct2015-v1/50000/B851D491-896F-E511-AA23-0025905A60CE.root, 254833, [[1, 41], [43, 43], [46, 46], [251, 251], [295, 295], [315, 315], [395, 395], [519, 519], [543, 543], [584, 584], [596, 596], [832, 832], [985, 986]]
/store/data/Run2015C_50ns/JetHT/MINIAOD/05Oct2015-v1/50000/B887C70E-8E6F-E511-ABE6-0025905A612A.root, 254833, [[1217, 1219], [1234, 1234], [1238, 1238], [1241, 1246], [1251, 1252], [1313, 1314], [1333, 1335], [1369, 1370], [1382, 1384], [1389, 1391], [1431, 1431], [1600, 1600]]
/store/data/Run2015C_50ns/JetHT/MINIAOD/05Oct2015-v1/50000/B89B7790-896F-E511-996D-00261894380B.root, 254833, [[124, 128], [130, 133], [195, 197], [709, 710], [766, 768], [808, 810]]
/store/data/Run2015C_50ns/JetHT/MINIAOD/05Oct2015-v1/50000/BA045683-896F-E511-86ED-00261894390B.root, 254833, [[1017, 1020], [1029, 1034], [1040, 1040], [1062, 1062], [1226, 1227], [1235, 1237], [1239, 1240], [1396, 1398], [1490, 1493]]
/store/data/Run2015C_50ns/JetHT/MINIAOD/05Oct2015-v1/50000/C0C61202-8B6F-E511-B037-0025905A6084.root, 254833, [[170, 170], [175, 177], [179, 181], [340, 342], [415, 415], [419, 419], [439, 439], [448, 450], [563, 563], [1166, 1166]]
/store/data/Run2015C_50ns/JetHT/MINIAOD/05Oct2015-v1/50000/C40F89FD-8A6F-E511-91B7-003048FFCBB0.root, 254833, [[218, 221], [227, 230], [487, 487], [539, 539], [551, 551], [577, 578], [1150, 1153], [1295, 1296]]
/store/data/Run2015C_50ns/JetHT/MINIAOD/05Oct2015-v1/50000/C49E63F8-8A6F-E511-B6B9-00248C0BE018.root, 254833, [[231, 234], [271, 274], [276, 279], [288, 289], [332, 333], [360, 362], [484, 485]]
/store/data/Run2015C_50ns/JetHT/MINIAOD/05Oct2015-v1/50000/C8F1C9ED-876F-E511-8FB4-002354EF3BD0.root
/store/data/Run2015C_50ns/JetHT/MINIAOD/05Oct2015-v1/50000/CA4C59F9-8A6F-E511-82A9-0026189438B4.root
/store/data/Run2015C_50ns/JetHT/MINIAOD/05Oct2015-v1/50000/D4781F0E-8E6F-E511-92EA-002590593902.root
/store/data/Run2015C_50ns/JetHT/MINIAOD/05Oct2015-v1/50000/D6698AF9-8A6F-E511-8F86-00261894380B.root
/store/data/Run2015C_50ns/JetHT/MINIAOD/05Oct2015-v1/50000/D69605F2-8A6F-E511-9D70-002618943961.root
/store/data/Run2015C_50ns/JetHT/MINIAOD/05Oct2015-v1/50000/D6B34BF8-8A6F-E511-8FC0-002618943932.root
/store/data/Run2015C_50ns/JetHT/MINIAOD/05Oct2015-v1/50000/D8EFA472-886F-E511-9A94-0025905964C2.root
/store/data/Run2015C_50ns/JetHT/MINIAOD/05Oct2015-v1/50000/DAE3290B-8E6F-E511-9473-002618943874.root
/store/data/Run2015C_50ns/JetHT/MINIAOD/05Oct2015-v1/50000/EAD3A8FD-8A6F-E511-B843-0025905B859E.root
/store/data/Run2015C_50ns/JetHT/MINIAOD/05Oct2015-v1/50000/EC6362F8-8A6F-E511-A53F-002618943984.root
/store/data/Run2015C_50ns/JetHT/MINIAOD/05Oct2015-v1/50000/EC9D2B0B-8E6F-E511-942B-002618943874.root
/store/data/Run2015C_50ns/JetHT/MINIAOD/05Oct2015-v1/50000/F0012BFC-8A6F-E511-97FD-0025905A6068.root
/store/data/Run2015C_50ns/JetHT/MINIAOD/05Oct2015-v1/50000/F0A9652A-896F-E511-83B6-003048FFD752.root
/store/data/Run2015C_50ns/JetHT/MINIAOD/05Oct2015-v1/50000/FC87FA41-896F-E511-8592-0025905A60D6.root
/store/data/Run2015C_50ns/JetHT/MINIAOD/05Oct2015-v1/50000/FCB26A8D-896F-E511-8B61-0025905A60EE.root
/store/data/Run2015C_50ns/JetHT/MINIAOD/05Oct2015-v1/50000/FE4A2C0F-8E6F-E511-9DD6-0025905A612E.root
